SM:2021-10-28T11:23:57.2222694Z
LM:2021-10-28T11:27:29.9608683Z
CT:image/jpeg
MA:2592000
CL:22780
