SM:2021-10-28T11:23:57.3265355Z
LM:2021-10-28T11:27:30.1237075Z
CT:image/jpeg
MA:2592000
CL:49835
