SM:2021-10-28T11:23:57.1741424Z
LM:2021-10-28T11:32:48.9825202Z
CT:image/jpeg
MA:2592000
CL:1123807
