SM:2021-10-28T11:23:57.2222694Z
LM:2021-10-28T11:24:14.7474228Z
CT:image/jpeg
MA:2592000
CL:530711
