SM:2021-10-28T11:23:57.1741424Z
LM:2021-10-28T11:27:30.3277413Z
CT:image/jpeg
MA:2592000
CL:70902
